0 Car
0 Name: CAR.ldr
0 Author: James Jessiman
0 Original LDraw Model - LDraw beta 0.27 Archive
0 Car
0 ROTATION CENTER 0 0 0 1 "Custom" 
0 ROTATION CONFIG 0 0
1 0 0 0 -90 1 0 0 0 1 0 0 0 1 4315.DAT
0 STEP
1 7 0 0 -60 1 0 0 0 1 0 0 0 1 4600.DAT
0 STEP
1 0 0 0 0 1 0 0 0 1 0 0 0 1 3031.DAT
0 STEP
1 7 0 0 60 1 0 0 0 1 0 0 0 1 4600.DAT
0 STEP
1 0 0 0 90 -1 0 0 0 1 0 0 0 -1 4315.DAT
0 STEP
1 46 30 -8 -90 1 0 0 0 1 0 0 0 1 3024.DAT
0 STEP
1 46 -30 -8 -90 1 0 0 0 1 0 0 0 1 3024.DAT
0 STEP
1 4 0 -8 -60 0 0 1 0 1 0 -1 0 0 3020.DAT
0 STEP
1 4 30 -8 -10 0 0 1 0 1 0 -1 0 0 101.dat
0 STEP
1 4 -30 -8 -10 0 0 1 0 1 0 -1 0 0 101.dat
0 STEP
1 4 30 -8 30 1 0 0 0 1 0 0 0 1 3024.DAT
0 STEP
1 4 -30 -8 30 1 0 0 0 1 0 0 0 1 3024.DAT
0 STEP
1 4 0 -8 50 0 0 1 0 1 0 -1 0 0 3021.DAT
0 STEP
1 4 0 -8 90 1 0 0 0 1 0 0 0 1 3710.DAT
0 STEP
1 1 0 -8 0 1 0 0 0 1 0 0 0 1 4079.DAT
0 STEP
1 46 30 -16 90 1 0 0 0 1 0 0 0 1 3024.DAT
0 STEP
1 46 -30 -16 90 1 0 0 0 1 0 0 0 1 3024.DAT
0 STEP
1 4 0 -16 -30 1 0 0 0 1 0 0 0 1 3829.DAT
0 STEP
1 4 0 -24 -60 1 0 0 0 1 0 0 0 1 3788.DAT
0 STEP
1 4 0 -24 60 1 0 0 0 1 0 0 0 1 3788.DAT
0 STEP
1 36 30 -24 90 1 0 0 0 1 0 0 0 1 3024.DAT
0 STEP
1 36 -30 -24 90 1 0 0 0 1 0 0 0 1 3024.DAT
0 STEP
1 7 0 -32 -90 1 0 0 0 1 0 0 0 1 3937.DAT
0 STEP
1 7 0 -32 -90 1 0 0 0 1 0 0 0 1 3938.DAT
0 STEP
1 4 30 -32 -90 1 0 0 0 1 0 0 0 1 157.dat
0 STEP
1 4 -30 -32 -90 1 0 0 0 1 0 0 0 1 157.dat
0 STEP
1 46 30 -22 -104 1 0 0 0 0 -1 0 1 0 179.dat
0 STEP
1 46 -30 -22 -104 1 0 0 0 0 -1 0 1 0 179.dat
0 STEP
1 4 30 -32 -60 0 0 1 0 1 0 -1 0 0 3023.DAT
0 STEP
1 4 -30 -32 -60 0 0 1 0 1 0 -1 0 0 3023.DAT
0 STEP
1 4 30 -32 -30 1 0 0 0 1 0 0 0 1 141.dat
0 STEP
1 4 -30 -32 -30 1 0 0 0 1 0 0 0 1 140.dat
0 STEP
1 4 30 -32 30 1 0 0 0 1 0 0 0 1 3005.DAT
0 STEP
1 4 -30 -32 30 1 0 0 0 1 0 0 0 1 3005.DAT
0 STEP
1 4 30 -32 70 0 0 1 0 1 0 -1 0 0 101.dat
0 STEP
1 4 -30 -32 70 0 0 1 0 1 0 -1 0 0 101.dat
0 STEP
1 4 0 -32 90 1 0 0 0 1 0 0 0 1 3004.DAT
0 STEP
1 4 30 -40 -80 0 0 1 0 1 0 -1 0 0 3023.DAT
0 STEP
1 4 -30 -40 -80 0 0 1 0 1 0 -1 0 0 3023.DAT
0 STEP
1 4 0 -40 -50 1 0 0 0 1 0 0 0 1 3004.DAT
0 STEP
1 4 30 -40 -40 0 0 1 0 1 0 -1 0 0 3023.DAT
0 STEP
1 4 -30 -40 -40 0 0 1 0 1 0 -1 0 0 3023.DAT
0 STEP
1 0 30 -40 40 0 0 1 0 1 0 -1 0 0 3023.DAT
0 STEP
1 0 -30 -40 40 0 0 1 0 1 0 -1 0 0 3023.DAT
0 STEP
1 0 30 -40 70 1 0 0 0 1 0 0 0 1 3024.DAT
0 STEP
1 0 -30 -40 70 1 0 0 0 1 0 0 0 1 3024.DAT
0 STEP
1 0 0 -40 90 1 0 0 0 1 0 0 0 1 3710.DAT
0 STEP
1 39 0 -88 -30 1 0 0 0 1 0 0 0 1 3823.DAT
0 STEP
1 0 0 -88 30 1 0 0 0 1 0 0 0 1 4214.DAT
0 STEP
1 39 0 -88 70 -1 0 0 0 1 0 0 0 -1 3823.DAT
0 STEP
1 0 0 -96 0 1 0 0 0 1 0 0 0 1 4213.DAT
0 STEP
1 0 0 -96 60 1 0 0 0 1 0 0 0 1 3020.DAT
0 STEP
1 7 -30 6 60 0 0 1 0 1 0 -1 0 0 4601.dat
0 STEP
1 7 30 6 60 0 0 -1 0 1 0 1 0 0 4601.dat
0 STEP
1 7 -30 6 -60 0 0 1 0 1 0 -1 0 0 4601.dat
0 STEP
1 7 30 6 -60 0 0 -1 0 1 0 1 0 0 4601.dat
0 STEP
1 0 -30 6 60 0 0 1 0 1 0 -1 0 0 123.dat
0 STEP
1 0 30 6 60 0 0 -1 0 1 0 1 0 0 123.dat
0 STEP
1 0 -30 6 -60 0 0 1 0 1 0 -1 0 0 123.dat
0 STEP
1 0 30 6 -60 0 0 -1 0 1 0 1 0 0 123.dat
0 STEP
1 7 -10 -34 -70 0 0 -1 0 1 0 1 0 0 3062B.DAT
0 STEP
1 7 10 -34 -70 0 0 -1 0 1 0 1 0 0 3062B.DAT
0 STEP
1 7 0 -42 -90 -1 0 0 0 1 0 0 0 -1 3069BP05.DAT
0 STEP
1 7 0 -42 -70 -1 0 0 0 1 0 0 0 -1 3023.DAT
0
